Country,code,immigration_2015,emigration_2015,immigration_2010,emmigration_2010,immigration,emmigration,sold,population,norm_sold
Afghanistan,AFG,364151,4843117,73174,5003276,290977,-160159,451136,38928341,1159
Albania,ALB,51235,1122910,46939,1110296,4296,12614,-8318,2837743,-293
Algeria,DZA,227417,1763771,229831,1633040,-2414,130731,-133145,43851043,-303
American_Samoa,ASM,22660,2035,22991,1975,-331,60,-391,55197,-708
Andorra,AND,39552,7571,49544,7120,-9992,451,-10443,77265,-13515
Angola,AGO,89974,555403,64461,619310,25513,-63907,89420,32866268,273
Antigua_and_Barbuda,ATG,27688,65489,26040,60397,1648,5092,-3444,97928,-3516
Argentina,ARG,2042145,940273,1767689,933164,274456,7109,267347,45376763,590
Armenia,ARM,169744,937299,194741,910093,-24997,27206,-52203,2963234,-1761
Aruba,ABW,34486,16724,32780,14120,1706,2604,-898,106766,-841
Australia,AUS,6684394,526579,5821210,487519,863184,39060,824124,25687041,3209
Austria,AUT,1492374,575828,1275992,552251,216382,23577,192805,8917205,2163
Azerbaijan,AZE,261751,1146769,274411,1178793,-12660,-32024,19364,10110116,192
Bahamas,BHS,58298,40095,53806,34719,4492,5376,-884,393248,-224
Bahrain,BHR,696373,55964,638094,53941,58279,2023,56256,1701583,3307
Bangladesh,BGD,1173775,7205410,1110039,6748118,63736,457292,-393556,164689383,-238
Barbados,BRB,20397,98464,19424,92135,973,6329,-5356,287371,-1863
Belarus,BLR,1082594,1485323,1090088,1478568,-7494,6755,-14249,9398861,-151
Belgium,BEL,1371402,530990,1036630,489639,334772,41351,293421,11555997,2540
Belize,BLZ,52229,59884,44956,55112,7273,4772,2501,397621,629
Benin,BEN,208093,615852,177454,514448,30639,101404,-70765,12123198,-583
Bermuda,BMU,18086,17046,17857,15996,229,1050,-821,63903,-1284
Bhutan,BTN,47189,44190,44708,86206,2481,-42016,44497,771612,5767
Bolivia_(Plurinational_State_of),BOL,139511,799605,119859,779035,19652,20570,-918,11673029,-7
Bosnia_and_Herzegovina,BIH,33950,1650772,37841,1603536,-3891,47236,-51127,3280815,-1558
Botswana,BWA,141110,58346,106209,44474,34901,13872,21029,2351625,895
Brazil,BRA,706609,1544024,586789,1526897,119820,17127,102693,212559409,49
British_Virgin_Islands,VGB,14576,4624,13103,4519,1473,105,1368,30237,4525
Brunei_Darussalam,BRN,101707,46237,99582,45414,2125,823,1302,437483,298
Bulgaria,BGR,100916,1176390,74877,1136455,26039,39935,-13896,6927288,-200
Burkina_Faso,BFA,658342,1453378,629595,1389421,28747,63957,-35210,20903278,-168
Burundi,BDI,262969,284187,215702,280873,47267,3314,43953,11890781,370
Cambodia,KHM,71024,1187142,78719,943305,-7695,243837,-251532,16718971,-1504
Cameroon,CMR,379375,328604,280209,279137,99166,49467,49699,26545864,188
Canada,CAN,7826507,1286176,7003177,1229266,823330,56910,766420,38005238,2017
Cape_Verde,CPV,13416,165732,12921,151080,495,14652,-14157,555988,-2546
Cayman_Islands,CYM,23656,1569,23985,1382,-329,187,-516,65720,-785
Central_African_Republic,CAF,58076,440745,66524,238718,-8448,202027,-210475,4829764,-4357
Chad,TCD,503624,208137,406162,197249,97462,10888,86574,16425859,528
Chile,CHL,469436,612409,369436,564332,100000,48077,51923,19116209,272
China,CHN,813787,9546065,707128,8598028,106659,948037,-841378,1402112000,-60
Colombia,COL,132398,2638852,123584,2492579,8814,146273,-137459,50882884,-270
Comoros,COM,11204,116516,11255,108553,-51,7963,-8014,869595,-921
Congo,COG,381703,220501,411152,195848,-29449,24653,-54102,5518092,-980
Costa_Rica,CRI,407450,133185,391708,128869,15742,4316,11426,5094114,225
Cote_d'Ivoire,CIV,2095575,850105,2018304,782205,77271,67900,9371,26378275,36
Croatia,HRV,556944,865147,553434,853824,3510,11323,-7813,4047200,-193
Cuba,CUB,12494,1426380,13880,1259441,-1386,166939,-168325,11326616,-1486
Cyprus,CYP,194497,177185,186325,161305,8172,15880,-7708,1207361,-638
Czech_Republic,CZE,405093,932582,397785,878343,7308,54239,-46931,10698896,-438
Dem._Rep._Korea,PRK,46325,112783,42072,105807,4253,6976,-2723,25778815,-10
Democratic_Republic_of_the_Congo,COD,421668,1403757,428440,1225390,-6772,178367,-185139,89561404,-206
Denmark,DNK,572520,250675,509740,238234,62780,12441,50339,5831404,864
Djibouti,DJI,105630,15927,95499,13658,10131,2269,7862,988002,796
Dominica,DMA,5437,69817,4664,71438,773,-1621,2394,71991,3326
Dominican_Republic,DOM,407095,1304493,385696,1147301,21399,157192,-135793,10847904,-1251
Ecuador,ECU,316204,1101923,276341,1134042,39863,-32119,71982,17643060,408
Egypt,EGY,477125,3268970,283475,2607915,193650,661055,-467405,102334403,-456
El_Salvador,SLV,41918,1436158,40202,1278842,1716,157316,-155600,6486201,-2398
Equatorial_Guinea,GNQ,8746,81029,6996,78188,1750,2841,-1091,1402985,-77
Eritrea,ERI,13715,499916,13487,281115,228,218801,-218573,,0
Estonia,EST,202278,198042,217814,163390,-15536,34652,-50188,1331057,-3770
Ethiopia,ETH,1003041,753492,510644,623998,492397,129494,362903,114963583,316
Faeroe_Islands,FRO,5202,14284,4837,12971,365,1313,-948,48865,-1940
Fiji,FJI,11975,204934,11627,182266,348,22668,-22320,896444,-2489
Finland,FIN,314947,295077,246266,292427,68681,2650,66031,5530719,1194
France,FRA,7784418,2145975,7196481,1965318,587937,180657,407280,67391582,605
French_Polynesia,PYF,26208,1337,27588,1211,-1380,126,-1506,280904,-536
Gabon,GAB,261342,63209,237590,57948,23752,5261,18491,2225728,831
Gambia,GMB,186955,89639,180372,82182,6583,7457,-874,2416664,-36
Georgia,GEO,165141,838430,178249,810207,-13108,28223,-41331,3714000,-1112
Germany,DEU,12003643,4045411,11603711,3836419,399932,208992,190940,83240525,230
Ghana,GHA,306873,801710,258896,694009,47977,107701,-59724,31072945,-192
Gibraltar,GIB,8741,13065,8192,11650,549,1415,-866,33691,-2570
Greece,GRC,1242514,871643,1269749,821078,-27235,50565,-77800,10715549,-726
Greenland,GRL,5727,17552,6014,16253,-287,1299,-1586,56367,-2813
Grenada,GRD,4823,65812,4771,61704,52,4108,-4056,112519,-3604
Guam,GUM,73602,2144,72950,2171,652,-27,679,168783,403
Guatemala,GTM,76258,1017517,66302,884864,9956,132653,-122697,16858333,-727
Guinea,GIN,222972,426941,200224,402013,22748,24928,-2180,13132792,-16
Guinea-Bissau,GNB,21642,101828,20410,97257,1232,4571,-3339,1967998,-169
Guyana,GUY,14507,460286,12378,423693,2129,36593,-34464,786559,-4381
Haiti,HTI,36711,1195240,32604,1092025,4107,103215,-99108,11402533,-869
Honduras,HND,27931,648520,27153,564110,778,84410,-83632,9904608,-844
Hong_Kong,HKG,2806766,1041264,2748711,946452,58055,94812,-36757,7481800,-491
Hungary,HUN,440150,595937,427420,551731,12730,44206,-31476,9749763,-322
Iceland,ISL,37522,38496,35091,33607,2431,4889,-2458,366425,-670
India,IND,5138790,15575724,5330039,13286337,-191249,2289387,-2480636,1380004385,-179
Indonesia,IDN,291093,3876739,270353,3492456,20740,384283,-363543,273523621,-132
Iran_(Islamic_Republic_of),IRN,2484128,1123383,2509220,1011021,-25092,112362,-137454,83992953,-163
Iraq,IRQ,328017,1479966,91594,2561482,236423,-1081516,1317939,40222503,3277
Ireland,IRL,746260,882022,730542,776575,15718,105447,-89729,4994724,-1796
Isle_of_Man,IMN,43066,10957,41377,10295,1689,662,1027,85032,1208
Israel,ISR,1406027,342585,1363316,330729,42711,11856,30855,9216900,335
Italy,ITA,5788875,2900924,5787893,2670095,982,230829,-229847,59554023,-385
Jamaica,JAM,20697,1067455,21153,960460,-456,106995,-107451,2961161,-3628
Japan,JPN,1959777,797496,2064499,750677,-104722,46819,-151541,125836021,-120
Jordan,JOR,3109064,699719,2716659,599034,392405,100685,291720,10203140,2860
Kazakhstan,KAZ,3546778,4075738,3334623,3979923,212155,95815,116340,18754440,621
Kenya,KEN,1023927,455889,867762,405031,156165,50858,105307,53771300,196
Kiribati,KIR,2644,4717,2407,4279,237,438,-201,119446,-168
Kuwait,KWT,2751639,187871,1765407,173992,986232,13879,972353,4270563,22769
Kyrgyzstan,KGZ,199981,760847,226524,743174,-26543,17673,-44216,6591600,-670
Lao_People's_Democratic_Republic,LAO,17933,1345075,17079,1187508,854,157567,-156713,7275556,-2153
Latvia,LVA,263126,337678,313786,311107,-50660,26571,-77231,1901548,-4061
Lebanon,LBN,1996163,798140,818738,713494,1177425,84646,1092779,6825442,16011
Lesotho,LSO,3932,363763,3840,225608,92,138155,-138063,2142252,-6444
Liberia,LBR,108166,276630,92870,259595,15296,17035,-1739,5057677,-34
Libya,LBY,771146,141623,683998,130833,87148,10790,76358,6871287,1112
Liechtenstein,LIE,23089,3870,21704,3429,1385,441,944,38137,2476
Lithuania,LTU,135699,544120,160374,493032,-24675,51088,-75763,2794700,-2710
Luxembourg,LUX,248964,61058,162895,57589,86069,3469,82600,632275,13064
Macao,MAC,318113,140395,295655,130200,22458,10195,12263,649342,1889
Madagascar,MDG,23463,169984,21151,158180,2312,11804,-9492,27691019,-34
Malawi,MWI,168314,302515,170320,271159,-2006,31356,-33362,19129955,-174
Malaysia,MYS,2318973,1835252,2219148,1621937,99825,213315,-113490,32365998,-350
Maldives,MDV,88681,2844,69571,2757,19110,87,19023,540542,3520
Mali,MLI,243182,1005607,223932,842729,19250,162878,-143628,2083380,-6893
Malta,MLT,40425,103392,32304,97887,8121,5505,2616,20250834,13
Marshall_Islands,MHL,2924,6901,2749,6168,175,733,-558,128932753,0
Martinique,MTQ,59997,13618,57901,14871,2096,-1253,3349,1265740,265
Mauritania,MRT,105999,119334,56954,113398,49045,5936,43109,31255435,138
Mexico,MEX,1188870,12339062,966873,11828349,221997,510713,-288716,464554123,-62
Micronesia_(Federated_States_of),FSM,960,19798,972,19039,-12,759,-771,115021,-670
Monaco,MCO,10795,28626,10842,26488,-47,2138,-2185,39244,-5567
Mongolia,MNG,17016,59266,15510,58455,1506,811,695,621718,112
Montenegro,MNE,81568,138356,78125,131507,3443,6849,-3406,54409794,-6
Montserrat,MSR,1118,17744,1061,16034,57,1710,-1653,4649660,-35
Morocco,MAR,72288,2834641,58819,2779496,13469,55145,-41676,36910558,-112
Mozambique,MOZ,150498,713867,144891,672976,5607,40891,-35284,57557,-61302
Myanmar,MMR,63860,2881797,66565,2436388,-2705,445409,-448114,525285,-85308
Namibia,NAM,91826,145852,100198,93209,-8372,52643,-61015,2540916,-2401
Nauru,NRU,2271,2391,1944,2160,327,231,96,10834,887
Nepal,NPL,497086,1629306,556029,1377299,-58943,252007,-310950,29136808,-1067
Netherlands,NLD,1974046,981434,1827558,903207,146488,78227,68261,17441139,392
New_Caledonia,NCL,58254,6330,55415,5783,2839,547,2292,271960,843
New_Zealand,NZL,998715,802335,908399,663809,90316,138526,-48210,5084300,-948
Nicaragua,NIC,38345,638958,35536,598189,2809,40769,-37960,6624554,-573
Niger,NER,157577,356793,116285,309431,41292,47362,-6070,24206636,-25
Nigeria,NGA,1076442,1093644,825990,984555,250452,109089,141363,206139587,69
Northern_Mariana_Islands,MNP,20715,2649,23130,2617,-2415,32,-2447,3278292,-74
Norway,NOR,731248,193477,516976,182723,214272,10754,203518,5379475,3784
Oman,OMN,1752641,21333,783100,20784,969541,549,968992,5106622,18976
Pakistan,PAK,3625927,5935193,3938511,5018550,-312584,916643,-1229227,220892331,-556
Palau,PLW,5033,2552,5141,2608,-108,-56,-52,18092,-287
Panama,PAN,184061,142706,156722,134756,27339,7950,19389,4314768,450
Papua_New_Guinea,PNG,24647,4631,24303,4302,344,329,15,8947027,1
Paraguay,PRY,152664,845373,156416,764256,-3752,81117,-84869,7132530,-1189
Peru,PER,89524,1409676,82847,1312888,6677,96788,-90111,32971846,-273
Philippines,PHL,155943,5316320,153633,4656379,2310,659941,-657631,109581085,-600
Poland,POL,612185,4449789,634946,4135816,-22761,313973,-336734,37950802,-887
Portugal,PRT,833875,2306321,759742,2098897,74133,207424,-133291,10305564,-1293
Puerto_Rico,PRI,259070,1768384,287931,1648962,-28861,119422,-148283,3194034,-4642
Qatar,QAT,1654997,25681,1406620,22307,248377,3374,245003,2881060,8504
Republic_of_Korea,KOR,1283629,2345840,428440,2266276,855189,79564,775625,51780579,1498
Republic_of_Moldova,MDA,138431,888610,152732,833095,-14301,55515,-69816,2617820,-2666
Romania,ROU,203845,3408118,143106,3356754,60739,51364,9375,19286123,49
Russian_Federation,RUS,11642651,10576766,11194137,10430967,448514,145799,302715,144104080,211
Rwanda,RWA,432675,315866,417680,328146,14995,-12280,27275,12952209,211
Saint_Kitts_and_Nevis,KNA,3521,39132,3431,35945,90,3187,-3097,53192,-5822
Saint_Lucia,LCA,8296,55414,7867,50686,429,4728,-4299,183629,-2341
Saint_Pierre_and_Miquelon,SPM,967,435,997,390,-30,45,-75,6908224,-1
Saint_Vincent_and_the_Grenadines,VCT,4289,60424,4202,55405,87,5019,-4932,110947,-4445
Samoa,WSM,4494,113139,4671,104004,-177,9135,-9312,198410,-4693
San_Marino,SMR,4540,2303,4192,2264,348,39,309,33938,911
Sao_Tome_and_Principe,STP,2338,35833,2640,30810,-302,5023,-5325,219161,-2429
Saudi_Arabia,SAU,9842647,270029,8147064,227479,1695583,42550,1653033,34813867,4749
Senegal,SEN,221160,586870,215154,557134,6006,29736,-23730,16743930,-141
Serbia,SRB,806777,964585,825407,875960,-18630,88625,-107255,11193729,-958
Seychelles,SYC,12396,11772,11053,10673,1343,1099,244,98462,248
Sierra_Leone,SLE,90246,145003,96482,134149,-6236,10854,-17090,7976985,-214
Singapore,SGP,2261026,313884,1919435,281520,341591,32364,309227,5685807,5439
Sint_Maarten_(Dutch_part),SXM,24966,23811,23963,23346,1003,465,538,40812,1319
Slovakia,SVK,176420,341620,145694,301524,30726,40096,-9370,5458827,-171
Slovenia,SVN,235467,140490,253392,130188,-17925,10302,-28227,2100126,-1344
Solomon_Islands,SLB,2005,3833,2148,3351,-143,482,-625,686878,-90
Somalia,SOM,2113,1998764,1919,1595533,194,403231,-403037,15893219,-2535
South_Africa,ZAF,2722348,841120,1890854,740536,831494,100584,730910,59308690,1233
South_Sudan,SSD,821625,634613,255341,403896,566284,230717,335567,41913035,801
Spain,ESP,5849739,1251004,6277672,1109449,-427933,141555,-569488,47351567,-1202
Sri_Lanka,LKA,36850,1637385,37190,1438103,-340,199282,-199622,21919000,-910
State_of_Palestine,PSE,232708,3551185,235008,3128484,-2300,422701,-425001,4803269,-8848
Sudan,SDN,481672,1890861,554541,1196493,-72869,694368,-767237,43849269,-1749
Suriname,SUR,27487,267800,23306,259813,4181,7987,-3806,586634,-648
Swaziland,SWZ,24455,95671,24283,63655,172,32016,-31844,1160164,-2744
Sweden,SWE,1544951,333428,1292196,300795,252755,32633,220122,10353442,2127
Switzerland,CHE,2301309,664557,1958346,639637,342963,24920,318043,8636896,3683
Syrian_Arab_Republic,SYR,497309,5011509,1271568,1094693,-774259,3916816,-4691075,17500657,-26805
Tajikistan,TJK,274780,589748,277849,587770,-3069,1978,-5047,9537642,-52
Thailand,THA,3912191,854327,3223380,770069,688811,84258,604553,69799978,867
The_former_Yugoslav_Republic_of_Macedonia,MKD,129202,516024,128286,479614,916,36410,-35494,59194,-59962
Timor-Leste,TLS,9540,37311,9679,34761,-139,2550,-2689,1318442,-203
Togo,TGO,255407,446982,235112,381618,20295,65364,-45069,8278737,-544
Tonga,TON,1619,56524,1417,50995,202,5529,-5327,105697,-5039
Trinidad_and_Tobago,TTO,42406,363332,40940,339229,1466,24103,-22637,1399491,-1617
Tunisia,TUN,45715,651044,35123,606017,10592,45027,-34435,11818618,-291
Turkey,TUR,2851301,3114471,1255160,2952422,1596141,162049,1434092,84339067,1701
Turkmenistan,TKM,193860,242948,195437,238574,-1577,4374,-5951,6031187,-98
Turks_and_Caicos_Islands,TCA,9738,1878,8981,1732,757,146,611,38718,1579
Tuvalu,TUV,111,3472,123,3276,-12,196,-208,11792,-1763
Uganda,UGA,702133,736017,526101,701252,176032,34765,141267,45741000,309
Ukraine,UKR,4494136,5825745,4479141,5497123,14995,328622,-313627,44134693,-710
United_Arab_Emirates,ARE,8005345,136557,7094180,121530,911165,15027,896138,9890400,9061
United_Kingdom_of_Great_Britain_and_Northern_Ireland,GBR,8493574,4917460,7560559,4555299,933015,362161,570854,67215293,850
United_Republic_of_Tanzania,TZA,254012,294531,301574,265412,-47562,29119,-76681,59734213,-128
United_States_of_America,USA,43548356,3023657,40180172,2721712,3368184,301945,3066239,329484123,931
United_States_Virgin_Islands,VIR,55554,3407,55526,3287,28,120,-92,106290,-86
Uruguay,URY,68301,346976,71777,332362,-3476,14614,-18090,3473727,-520
Uzbekistan,UZB,1094008,1991040,1140101,1913257,-46093,77783,-123876,34232050,-361
Vanuatu,VUT,2278,8583,2191,7939,87,644,-557,307150,-181
Venezuela_(Bolivarian_Republic_of),VEN,1404256,606344,1331312,550420,72944,55924,17020,28435943,60
Viet_Nam,VNM,67490,2558678,57368,2306669,10122,252009,-241887,97338583,-248
Yemen,YEM,307133,1012889,250376,880927,56757,131962,-75205,29825968,-252
Zambia,ZMB,107341,238121,130863,209456,-23522,28665,-52187,18383956,-283
Zimbabwe,ZWE,257349,856345,286242,666407,-28893,189938,-218831,14862927,-1472
